(-276.42484, -88.020706), (-244.94356, -87.82206), (-224.75755, -107.66855), (-200.67078, -113.53458), (-156.73285, -105.239426), (-137.76208, -105.59337), (-131.57031, -113.53908), (-104.5767, -144.11728), (22.761576, -144.11728), (46.2247, -118.45903), (77.63136, -118.459015), (96.95854, -140.09705), (242.5289, -140.09697), (251.09587, -128.70909), (251.09584, -72.90369), (261.34375, -71.90167), (274.33887, -74.817154), (274.34024, 178.36317), (-279.65414, 178.84282), (-279.65277, -86.80832)
(195.34462, 58.111816), (185.77924, 64.27452), (192.69519, 72.14964), (197.83429, 73.30507), (199.98256, 77.927536), (205.17361, 84.19588), (212.19014, 84.99686), (217.80344, 82.02992), (221.59041, 77.70793), (224.18991, 73.628876), (236.73163, 72.44159), (236.07976, 61.56096)
(169.40099, -111.81407), (149.82213, -114.00848), (132.20584, -111.81407), (124.53511, -108.22406), (120.00518, -100.17222), (180.09586, -100.17222), (176.75243, -107.88558)
(16.438837, -11.518364), (19.038088, -25.518616), (22.671974, -35.898994), (24.805666, -43.9572), (25.999496, -51.450592), (19.719612, -56.297062), (23.161036, -63.919724), (38.85205, -62.516468), (67.456566, -52.483276), (79.29804, -46.654335), (75.85084, -42.276558), (58.49418, -36.16871), (49.407127, -29.191368), (46.54497, -20.267311), (42.394314, -10.821335), (41.064766, 0.06755829), (50.15865, 3.5968246), (61.618603, 7.6529465), (75.98381, 11.880692), (75.766975, 17.402206), (12.294075, 17.349121), (12.318834, -1.859932)
(-101.74198, -95.163895), (23.72814, -95.16386), (23.728136, -87.87747), (-80.03043, -87.87748), (-85.341644, -77.21514), (-92.14789, -77.21517), (-94.98283, -87.850296), (-102.57466, -87.80673)
(-70.44217, 35.201477), (-62.163902, 35.201538), (-59.820473, 38.63559), (-56.92543, 54.018967), (-54.03638, 68.91194), (-52.555035, 88.30031), (-50.67558, 101.16522), (-43.585545, 101.16522), (-43.585545, 109.80757), (-61.262257, 109.80754), (-61.539867, 99.51437), (-71.87051, 88.30026), (-65.06288, 68.84589), (-67.0302, 54.018967), (-77.601944, 42.990738), (-90.87102, 42.990738), (-90.87102, 35.201477)
(-100.41202, -29.986351), (-88.64024, -19.462128), (-81.88954, -9.344109), (-79.51302, 6.0024185), (-60.078545, 6.021576), (-60.082382, 16.176117), (-90.32298, 16.087006), (-98.47279, 5.9239044), (-103.69856, -0.8161621), (-111.36585, -6.1691895), (-119.866875, -10.530525), (-129.45671, -16.92315), (-136.51001, -24.819489), (-142.39249, -30.849014), (-149.56181, -37.063843), (-154.31795, -40.13645), (-153.7791, -81.75935), (-139.45189, -77.314354), (-125.6402, -66.82573), (-113.29888, -43.334618), (-107.91525, -35.8891)
(151.92625, 18.360718), (146.19214, 17.649567), (141.20448, 11.602341), (138.8703, 6.194748), (132.7457, 5.794327), (127.12442, -2.3459396), (136.69627, -8.619896), (177.16576, -5.9137726), (177.8176, 6.0462723), (164.25948, 7.0216827), (161.7667, 10.780914), (158.82196, 15.452164)
(146.61185, -82.588615), (155.82112, -75.50248), (155.82112, -70.15776), (120.29601, -70.15776), (108.78693, -65.2599), (89.94279, -63.152073), (85.69421, -65.29795), (80.41308, -70.53265), (73.78264, -75.20904), (66.90698, -79.47084), (61.058407, -81.807945), (55.693764, -83.54056), (46.709797, -86.46118), (48.55269, -90.2499), (55.462513, -95.06064), (62.136227, -99.39911), (71.695435, -98.799355), (81.564705, -95.75164), (88.36265, -91.44266), (105.60459, -90.0971), (115.33647, -86.772316), (120.620895, -82.588615)
(-172.92363, -91.236595), (-172.93333, -50.98062), (-188.94862, -56.38934), (-204.54446, -61.755047), (-223.394, -78.136), (-198.39574, -89.79608)
(-138.87126, 57.988647), (-164.97342, 58.376434), (-190.4531, 65.01541), (-198.78758, 72.222336), (-199.52338, 78.891556), (-108.88899, 78.89151), (-110.94231, 67.77022), (-120.8344, 62.780594)
(-21.82618, 27.144302), (-60.515057, -15.799316), (-64.23653, -46.824898), (-34.633736, -38.45678), (2.9813094, 3.4836807)
(229.47038, -117.29372), (229.47035, -73.132), (220.32529, -67.1527), (211.08305, -67.267525), (202.58594, -69.867386), (168.71347, -69.867386), (168.71347, -82.1427), (198.69762, -82.1427), (198.69762, -117.29372)
(-159.68674, -8.028793), (-170.54317, -2.6640396), (-189.6369, -2.7122192), (-199.09135, -9.069473), (-208.40742, -19.790749), (-181.68776, -18.370125)
(94.29354, 128.43709), (89.423195, 127.95085), (83.67657, 125.1252), (79.11681, 116.38797), (75.80869, 116.31319), (68.931335, 111.29384), (77.55953, 100.51587), (117.15572, 102.90025), (116.805916, 116.658936), (103.04852, 117.076904), (101.36897, 121.42883), (98.42831, 125.16716)
(245.42111, -22.318268), (256.8534, -25.479828), (242.35318, -36.680054), (223.5701, -39.818214), (227.16216, -30.612091), (235.68756, -24.873146)
(11.014812, 34.063644), (7.483888, 65.67044), (4.7228675, 100.98256), (-1.473861, 100.98256), (-1.4738739, 109.820755), (19.60422, 109.820724), (19.604227, 65.67052), (28.95393, 34.0636)
(-228.8186, -62.360184), (-243.94853, -55.949833), (-258.3261, -45.08429), (-250.1097, -42.977554), (-237.42955, -46.207603), (-231.56743, -53.27356)
